00000
00001
00002
00004
00005
00006
00008
00009
00010
00011
00014
00015
00019
0001A
00020
00021
00022
00024
00025
00026
00040
00041
00042
00044
00045
00048
00050
00051
00052
00054
00055
00056
00058
00059
0005A
00060
00061
00062
00065
00068
0006A
00080
00081
00084
00085
0008A
00090
00091
00098
000A0
000A1
000A4
000A5
000A6
000AA
00100
00101
00104
00110
00111
00120
00140
00141
00144
00145
00150
00180
00194
00244
00400
00401
00404
00405
00410
00411
00414
00420
00440
00441
00444
00445
00450
00465
00480
00500
00501
00504
00505
00514
00540
00554
00555
01000
01001
01004
01005
01010
01011
01040
01041
01044
01045
01050
01051
01080
01100
01101
01104
01110
01111
01114
01140
01150
01154
01190
01400
01401
01404
01410
01440
01500
01504
01515
01544
04000
04001
04004
04005
04010
04011
04014
04040
04041
04050
04051
04081
04095
04100
04101
04104
04110
04140
04144
04400
04401
04404
04410
04411
04414
04440
04441
04444
04450
04455
04500
04510
04540
04545
05000
05001
05002
05004
05005
05010
05011
05040
05044
05050
05051
05055
05100
05115
05141
05400
05404
05411
05440
05445
05454
05455
05500
05545
05551
05554
05555
06100
08000
08011
10000
10001
10002
10004
10005
10010
10011
10040
10050
10055
10090
10100
10104
10400
10404
10410
11000
11100
11140
11500
14000
14004
14010
14040
14044
15040
20001
20010
20040
20069
20100
40000
40001
40004
40008
40010
40024
40040
40044
40054
40080
40100
40101
40110
40140
40400
41000
41004
41011
44000
44040
44400
45005
50000
50009
54400
55500
80002
80004
80024
80080
80400
FFFFF
