00180
00055
00040
80002
01500
04450
000A1
04100
06100
00000
40000
00008
00000
40000
20010
00004
00010
00010
10000
01150
00140
00055
00041
00056
00000
00010
00001
00044
00054
00015
00055
00008
00001
00006
00005
00004
00020
01110
00000
00005
00001
00404
04100
00004
40400
00025
44000
00194
00010
40001
00100
04010
00004
00019
04002
00026
00080
00010
40010
40140
00051
00501
00004
00061
00020
00098
00050
00400
00010
10001
11000
00144
00002
00020
00080
00094
00410
00008
04000
00020
00055
00040
00100
00020
08040
00040
00008
00056
00001
00040
00080
00008
00004
01600
00056
00000
20040
00091
14010
01000
00001
00100
00015
00051
01144
00010
05041
00001
00040
06000
00000
01000
00004
10010
00114
00004
00055
00001
00144
04400
00140
00015
00050
01001
00410
01001
04400
00015
04001
00504
00104
01445
00051
05400
00050
01400
00504
01400
05005
01040
00050
00050
00005
00008
00145
00000
04011
01001
01140
01041
00000
00005
01404
10010
00050
00005
00006
00051
04205
08000
00004
10000
10081
00005
00004
00001
00005
05004
05000
00000
00015
04001
01045
00100
10010
80050
00080
00005
10004
40044
00009
00002
10011
00059
40040
40004
00009
00504
20008
00021
80002
00045
00001
00040
04081
00008
00020
00420
00006
00054
00020
00098
00010
40001
10010
54400
01000
00100
01000
00100
54400
44400
00100
01000
54400
00100
01000
11140
00041
04410
00001
00404
00001
01140
01150
00004
00055
04020
01410
04004
00040
00001
00010
01000
00504
00045
00065
00002
00000
00404
00004
00100
00020
04410
05001
00404
00055
01400
00020
00040
00004
000A5
01001
04000
00009
00040
10044
00414
00005
04100
04050
00001
05100
01140
00000
00100
00001
01400
00055
41040
00100
00400
00009
40010
04410
04000
00100
04041
14000
40004
50001
10504
00504
10004
00080
04000
10050
00040
00004
00100
00154
10404
40004
10010
40100
10050
00814
00811
00046
01082
00016
00A04
00046
00016
00009
00204
00004
00004
00004
00001
00001
00001
00004
00001
00004
00001
00004
00002
00020
00800
00145
00001
00010
00050
00060
00060
80050
05100
04410
00000
00091
00055
00065
00095
00061
00095
00059
00065
00054
00049
01000
00004
00080
00040
10001
05000
10001
00006
04100
00044
00056
20000
10055
00060
00001
00054
00054
00004
00001
00080
00001
00064
00094
40054
00410
00040
00041
00090
00004
00010
00014
00040
10004
00100
00041
01000
00100
01004
05110
00080
00001
04000
00400
00054
00011
00011
00140
00050
44000
00004
00004
00040
00044
00001
00014
00011
00001
00001
00001
00040
00051
00014
00055
0001A
00018
00001
00055
00050
40014
00001
00001
04000
40040
00004
00004
000AA
00009
00002
80004
00040
04000
00055
00052
00004
00008
01440
00050
05400
00005
04140
04500
10100
00004
00005
20001
00054
00001
00040
00001
00005
00001
00001
00026
00449
01056
00451
00151
00001
00005
00004
00001
00004
00041
04046
40000
00004
00010
40000
00155
00041
40000
00004
00041
00004
00004
00001
00010
00100
00200
01041
00051
00010
10404
10404
00044
00001
00110
04410
04410
05100
01051
10040
00004
00100
00101
40010
00400
04001
00040
00080
200AA
00040
00008
55500
00001
00001
00004
10002
40051
01045
00004
00010
00004
15500
00040
00000
00001
10400
00004
40000
00001
00144
40000
00004
00144
01041
10000
04410
00008
01410
05001
01504
04410
04500
10045
01540
40000
00500
10000
00004
00004
40020
40004
41100
00010
10000
10000
00000
00004
10400
00040
00004
00022
00040
00010
0A002
00001
00006
00010
00055
00001
00004
00001
00010
00000
00004
40004
00055
00008
00051
00042
00010
00040
00504
00410
000A0
01154
00009
04000
01000
00040
00100
20040
00040
00400
00508
00056
00040
10140
01140
00550
00040
00080
10000
00080
10002
01005
01140
05002
00055
04001
00014
01140
00104
00004
00005
00005
00050
01000
00056
00000
00001
00008
00001
40014
00050
000AA
00051
00005
00004
00000
14100
00010
00004
14001
04500
00010
01001
10040
04200
04410
00140
05400
04500
00100
00080
00504
06000
01180
00420
08800
0005A
01100
05A02
00085
00008
40000
00080
01000
04400
00100
10044
40004
05100
05001
01500
40400
44010
40410
00001
00050
00004
40004
00005
00001
00000
00050
00010
80001
10005
10055
10050
00010
20005
10014
00008
00085
00010
00014
10001
40000
00091
00001
00009
00010
00005
00040
00055
00011
00015
00080
10000
00010
00040
00015
00011
40000
00054
00055
00005
00040
00054
00010
10000
00054
40040
00084
00054
00011
00055
00000
00010
00055
40004
00001
00044
00010
00065
00055
00010
00041
00010
00008
40004
00004
00025
40008
00055
00055
00052
00061
00040
00049
00010
00095
00001
00400
00084
01000
00004
00050
00014
00040
40000
40000
00004
00040
00005
00040
04100
00001
00001
00004
00004
04000
10010
01400
00004
00100
00001
00059
00040
00001
00040
00050
00010
00020
00040
00055
00041
00090
00004
00010
00001
40004
00080
00040
10000
00004
00021
00020
14044
11000
10001
01400
00600
01000
40040
15000
40004
40001
08001
05000
